Train_loss
[0.3646989747959399, 0.20469524091053923, 0.171483315906508, 0.15751110358582748, 0.14800976171256353, 0.1390711912838076, 0.13853227050662506, 0.12923254550922716, 0.12474201850699665, 0.11928865635799067, 0.11826593017627053, 0.10904363325345287, 0.1085717150952391, 0.10336869769131399, 0.09956289829519155, 0.0953211688387519, 0.09575727716892454, 0.09364155455224787, 0.09082582696511741, 0.08932961058113796, 0.08610380779024121, 0.0852679222730147, 0.08249456663155791, 0.0811451609102314, 0.07918857477916591, 0.07791364955982576, 0.07692461083076957, 0.0752249409318072, 0.07419930179924335, 0.073135857154241, 0.0721058758561256, 0.07148515156219545, 0.0709524364274247, 0.07041300062764731, 0.07015713098786998]

Train_acc
[0.844075083732605, 0.9184005260467529, 0.9317701458930969, 0.9357932209968567, 0.9400601387023926, 0.9436768293380737, 0.9447334408760071, 0.9494066834449768, 0.9509102702140808, 0.9530640244483948, 0.9546895027160645, 0.9578998684883118, 0.9584687948226929, 0.9613946676254272, 0.9630201458930969, 0.9646456241607666, 0.9640766978263855, 0.9652145504951477, 0.9661898612976074, 0.9665149450302124, 0.9689125418663025, 0.9691970348358154, 0.9696440100669861, 0.9712288975715637, 0.9721229076385498, 0.9725292325019836, 0.973301351070404, 0.973910927772522, 0.9744392037391663, 0.9752113223075867, 0.9754957556724548, 0.975739598274231, 0.9755770564079285, 0.9759021401405334, 0.9759427905082703]

Test_loss
[0.22923517701300708, 0.16769855361516503, 0.1571094618729231, 0.13884568395918573, 0.14418087719241157, 0.13854816715783355, 0.14070996142585168, 0.11807588058185171, 0.11189226466442713, 0.11142961147230711, 0.10323094578713855, 0.11623232364019548, 0.10365888526642018, 0.09936101334063675, 0.1025533985812217, 0.09870603885528081, 0.10093123198285783, 0.10127149955091723, 0.10027382474667816, 0.09372697352029552, 0.09575967971944589, 0.09473863466304135, 0.09029106672625692, 0.09175043727935356, 0.0918425892543217, 0.09119667026706421, 0.09033081685298715, 0.0916932904643049, 0.089640035258278, 0.0892666672298219, 0.08921085279011591, 0.08914190938495184, 0.08908085917011538, 0.089162461656749, 0.08958545599439689]

Test_acc
[0.9148444533348083, 0.9324444532394409, 0.9365333318710327, 0.9466666579246521, 0.9432888627052307, 0.9491555690765381, 0.9418666958808899, 0.9523555636405945, 0.9569777846336365, 0.9584000110626221, 0.9617778062820435, 0.9573333263397217, 0.9667555689811707, 0.9621333479881287, 0.9621333479881287, 0.9658666849136353, 0.9655110836029053, 0.9635555744171143, 0.9631999731063843, 0.9683555364608765, 0.9649778008460999, 0.9642666578292847, 0.9679999947547913, 0.9662222266197205, 0.9674666523933411, 0.9678221940994263, 0.9683555364608765, 0.9688888788223267, 0.967644453048706, 0.9685333371162415, 0.9696000218391418, 0.9678221940994263, 0.9683555364608765, 0.9681777954101562, 0.9685333371162415]

